23,52
23,51
23,50
23,49
23,48
23,47
23,46
23,45
23,44
23,43
23,42
23,41
23,40
23,39
23,38
23,37
23,36
0,458
0,457
0,456
0,455
0,454
0,453
0,452
41,6
41,5
41,4
41,3
41,2
0,451
41,1
41,0
0,450
0,449
40,5
40,4
40,3
40,2
40,1
40,0
39,5
0,448
0,447
39,4
39,3
39,2
39,1
39,0
38,5
38,4
38,3
38,2
38,1
38,0
0,446
37,5
0,445
0,444
37,4
37,3
37,2
37,1
37,0
0,443
0,442
0,441
0,440
0,439
0,438
0,437
0,436
0,435
0,434
0,433
0,432
0,431
0,430
0,429
0,428
0,427
0,426
36,5
36,4
36,3
36,2
0,425
36,1
36,0
0,424
0,423
0,422
35,5
0,421
0,420
0,419
0,418
0,417
0,416
0,415
0,414
35,4
35,3
35,2
0,413
35,1
35,0
0,412
0,411
0,410
0,409
34,5
0,408
0,407
0,406
0,405
34,4
0,404
0,403
0,402
34,3
34,2
0,401
34,1
34,0
0,400
0,399
0,398
33,4
33,3
33,2
0,397
33,1
33,0
0,396
0,395
0,394
32,4
32,3
32,2
0,393
32,1
32,0
0,392
0,391
0,390
31,4
31,3
31,2
31,1
31,0
0,389
0,388
30,4
30,3
30,2
30,1
30,0
29,4
29,3
